200 207.5984191895
300 39.9273643494
400 11.5636196136
500 4.2520375252
600 1.8343683481
700 0.8791203499
800 0.4651369750
900 0.2591634393
1000 0.1519844532
1100 0.0912404507
1200 0.0596804544
1300 0.0374733396
1400 0.0248569883
1500 0.0168025959
1600 0.0117108049
1700 0.0080811139
1800 0.0057966011
1900 0.0041375477
2000 0.0029801219
2100 0.0022172797
2200 0.0016606610
2300 0.0012274025
2400 0.0009261804
2500 0.0006982378
2600 0.0005328996
2700 0.0004089843
2800 0.0003135879
2900 0.0002402469
3000 0.0001873420
3100 0.0001442897
3200 0.0001133297
3300 0.0000885379
3400 0.0000701738
3500 0.0000550077
3600 0.0000435793
3700 0.0000340880
3800 0.0000273270
3900 0.0000216292
4000 0.0000171883
4100 0.0000135378
4200 0.0000109005
4300 0.0000085188
4400 0.0000067722
4500 0.0000054272
4600 0.0000043646
4700 0.0000034441
4800 0.0000028102
4900 0.0000022119
